18730
63554
23050
49030
23915
43185
24348
77131
24725
80461
25509
18357
25961
79505
26155
80878
27546
29291
31010
54198
31040
33704
31749
39534
32134
45360
32732
55300
35092
69072
35202
79451
35538
13303
36797
35742
37463
62143
38954
44243
39675
63359
40430
82997
40695
70525
41453
29719
41837
66403
43498
77470
43812
21571
45053
56334
45403
31449
46645
9446
47732
39165
47747
58769
48323
41041
49050
47078
49386
38600
49544
42698
50400
59453
50754
27123
54224
51793
55321
21173
55877
31151
55935
11732
56756
82587
58191
78496
59390
85736
61513
41604
62503
74653
63689
75683
64023
54972
64101
46893
64968
84621
67306
36961
67346
40917
67920
60749
70915
25924
71148
42266
72613
43437
72984
59608
73597
52081
74150
36593
75671
54247
79322
59247
79654
28624
80133
48650
82145
51467
82475
61969
87048
69763
87761
67186
88641
27287
35807
24173
73781
49477
69806
46134
48525
45047
47984
79000
49630
23019
35448
23377
57707
83571
86335
69654
78061
24212
81553
49323
57541
27362
60549
39374
35917
37073
37198
26626
88435
31717
40280
79003
52281
8837
18336
55841
59033
86816
24040
31791
65675
58316
26807
61638
31116
83980
44488
47856
48872
61789
62732
83180
63339
44473
7574
18091
31852
40878
66714
38118
27850
21629
43656
51557
61556
15791
30122
66248
44157
42144
41496
63913
38907
29726
49725
77320
62801
35069
44445
51401
23111
45018
14212
66380
10386
48403
25222
64442
17970
86232
38631
82208
60047
43051
73159
37109
53475
23580
85744
20373
45609
64517
28775
78272
43902
73689
77283
59061
79557
24237
30372
48781
27839
23762
40418
45488
44897
45271
46830
47414
82184
48134
30935
41745
18280
36668
19442
51859
19920
40414
23201
77535
24945
72819
25071
47158
27339
51876
27447
28803
27779
34058
29192
70951
31976
88479
32001
38667
33986
78135
34018
27739
35249
54428
35780
50870
36486
26786
37579
49407
46916
73237
47115
84905
52122
72971
53020
26978
56286
36040
57509
44031
64440
49381
67684
30484
68638
67036
72437
69571
74972
24247
80509
45407
81995
73565
83266
41534
85445
76875
33357
86726
11141
22749
86902
60954
35409
85188
66810
47297
69840
75972
43112
23611
47345
70224
24812
16074
37756
88848
24458
63930
21800
41525
50334
29033
88793
59610
29636
86502
76171
89313
70209
51703
46636
88198
32877
56722
30209
88158
64421
41222
80414
84860
60586
56673
39095
27014
51417
41223
34838
17859
63551
85769
59042
65715
34786
74058
29432
68008
62369
33056
27009
43613
70091
53918
67532
87529
29268
60124
45215
70126
49606
41670
78603
53471
80683
68939
39820
87116
15554
44035
62043
22300
73394
64141
57308
73964
37050
19241
52521
25292
45141
41893
50408
23804
77316
28944
20375
87833
48366
43551
69667
75831
72138
45707
84787
65789
87340
33232
38640
68687
48504
82699
69454
49380
10093
35729
43662
36423
44424
45481
44920
78099
54693
75080
68283
31331
79843
36406
46186
43979
45928
73567
85392
73278
18870
78609
85250
7233
31283
54632
27145
59638
38542
76319
83568
85853
33453
8297
69279
29930
71552
41643
28901
42683
50939
43258
57401
52953
68903
60517
32861
62399
9847
64976
48120
85504
65594
53069
67055
25129
17607
35213
52888
36614
27704
34800
53462
82865
56477
32903
33371
46011
41820
77527
22021
37067
6689
81808
21466
48140
85940
80983
57591
47402
87680
24007
81436
26623
41732
39963
24411
84899
67337
35976
25728
76290
29208
45139
32234
47854
80419
61640
47374
32324
86830
83440
86957
44948
50403
64813
41177
24326
46284
46343
84437
49496
29372
37832
13777
68113
31422
37348
34726
33661
51647
42074
59192
76625
88116
45170
55940
83088
86300
43219
42901
79115
30406
50307
12349
38124
37254
30660
49582
43874
28581
47399
39393
52823
58094
60912
4111
66635
21813
68615
52146
69468
31965
73338
27849
74709
41858
83872
33822
20607
13496
30830
42051
66374
43352
46931
9344
41384
43147
34957
37595
55172
59985
17166
22044
83446
37955
43621
87573
45443
73537
47344
63589
57489
26305
58558
89488
79259
29613
87888
33831
42067
52734
33881
61192
82586
85542
46638
80848
26356
29564
46296
49439
14244
30341
39189
8497
75175
43351
32230
79629
86443
10365
47376
19037
54362
41305
44389
35519
79102
34257
82007
58003
63317
52470
43442
22642
16199
30242
35242
26563
30051
66342
33527
43010
75407
67017
59756
22430
77446
52722
87602
33210
30376
59984
33301
29193
59011
66096
54254
23503
68354
28355
51272
34744
24126
50739
34606
47128
34787
57700
40597
85153
47942
87748
48230
57220
48557
66959
55003
79738
66426
18163
67648
31486
69561
43004
36101
83388
41164
40705
54721
45913
60105
50957
70914
87693
78106
86667
81235
41935
72813
5078
22597
27485
32642
34530
35127
38441
34769
45725
37839
83304
42076
23546
45435
34561
53963
57778
59097
83168
66963
15350
63994
78315
62532
64947
32471
28275
79804
42231
65038
52732
49031
36649
59483
68792
67353
34856
49041
62439
53520
427
55929
28491
42914
29690
60494
38559
62219
24501
45227
43479
58085
8278
30520
54101
53312
41757
43083
22157
63268
41347
82020
83790
33927
38106
37713
18255
39323
64197
77652
31270
17261
36298
63721
41648
61960
38847
33893
60409
28198
68243
38647
38159
39192
47289
51085
9862
57606
3524
67168
75824
69039
87444
81938
56519
89103
64135
89386
71629
24964
54090
39692
15889
64003
18582
84833
59324
61204
38409
72506
9978
41609
38652
31659
7967
33816
32559
48873
43154
48918
71478
50344
20983
63435
56734
81895
30946
88388
20565
27541
89285
44740
57487
46544
73440
49711
1197
72992
33505
48935
11362
49577
45463
78621
4280
59122
52765
10329
43084
78598
13881
76571
4953
84773
43458
77786
30327
11005
10242
23808
35908
69722
58818
78934
58624
81363
12341
37034
15802
83937
54081
75165
17032
36545
79781
64958
33275
27503
45135
33511
16598
64684
77428
77248
17313
86788
75005
53602
20420
77254
34494
63325
36442
56926
44175
27074
41198
31423
12919
58851
24908
65260
56177
58820
31358
36031
37065
25341
41304
12600
45509
63921
84513
27460
9150
28188
46737
29069
17963
39799
24190
49018
84693
54557
51787
61105
9746
62490
50262
67905
40314
73459
77323
79117
72221
88287
39495
41360
21836
77832
70413
38467
27895
35246
55380
76467
87099
24521
16636
67538
17388
47545
30369
41623
25534
79941
79423
87738
38541
51749
44250
34124
45061
34198
87883
35820
88422
40197
41330
40346
23792
42942
29519
43818
37223
44804
33388
48605
48631
48690
32184
52220
43834
54333
19950
58983
31167
67157
37369
71121
27535
83774
48367
85975
53614
87645
19277
67537
19403
31835
38884
45873
1606
68380
1897
88132
40726
43955
59498
23074
9440
32012
240
78597
83294
23193
42456
38191
27341
86911
43342
54528
62481
55558
50551
41613
4153
21266
71530
44090
31024
52784
73784
68275
71590
70297
39156
76325
46473
61512
19339
62360
13360
57176
43710
45845
83204
57524
71962
73967
34570
47278
38821
42704
42785
44375
41174
49561
55237
48729
23686
27532
4265
17709
45756
70641
31140
61862
49468
78238
45325
53458
46532
37929
10207
56021
64094
66921
31049
67519
7180
70147
85949
79873
22891
81580
57080
82783
41049
86014
368
13182
18623
82525
24931
32318
25237
37108
27064
26613
27536
63765
27943
35016
28076
31886
28927
49059
29496
30235
34375
18381
35227
58724
35343
25091
44535
22149
47163
29591
47514
32852
48010
34719
50157
36286
55959
46286
56571
58743
57172
78835
60576
25723
73014
74077
78411
73707
79611
44966
80954
23517
89251
12284
22194
37695
48289
78502
13464
81094
37856
88240
3055
89484
19821
66907
33803
67001
13772
83625
17770
18899
24644
85782
27959
49845
84895
36069
77468
60269
38557
22981
71465
25423
27205
37329
22080
41861
17290
51314
28145
57911
3152
65523
73138
71158
39112
88944
73581
37286
28486
72465
44514
68953
70193
67396
4789
22202
86884
66263
24308
58275
25130
35311
41736
40139
23825
35914
69384
49624
82247
23226
30613
67302
68624
19753
13981
26384
38028
39776
55503
41022
81917
41479
27409
63787
30885
74120
70597
80106
50231
65524
6952
80045
12314
80978
29771
88936
35083
49410
88847
43905
67217
86484
48223
31548
38363
32400
53844
29640
27078
35680
60919
56514
31456
75760
43801
47318
28863
62281
46618
51258
2443
57447
13261
63390
24062
41852
75118
32131
52871
34996
37300
36969
35196
37972
5908
40321
75265
45289
32483
46170
17302
47612
67941
68717
24773
72718
21447
75538
31577
77826
85280
84599
44555
36025
51490
39072
23246
54161
37692
54393
50196
44884
31438
55352
69956
76243
26379
75134
31963
29666
35014
46912
23082
30262
65418
64680
31277
79252
67553
24742
14805
36735
26689
24470
2421
42797
39558
43184
65305
38496
38835
38859
41898
33476
49769
36229
80302
31111
12011
44125
34951
67840
40013
53570
44089
7175
33833
31234
12029
28593
33563
65035
67800
27297
17643
29234
30151
34669
66543
39640
76952
41934
19782
45856
8743
49388
61479
49467
31114
49667
37347
60267
38258
64237
40452
83594
28629
47177
39201
52068
80874
51362
23445
59893
83703
85890
18747
43954
38994
54736
39682
66548
15987
36472
17993
23302
42519
45242
42083
45134
42334
62881
38750
33012
59010
31064
34315
19639
67611
46035
76821
83757
80108
61557
80170
47455
14083
72420
21849
37221
28614
37374
72551
39203
73841
62565
17553
74855
49629
76787
30413
84858
87577
79976
47458
59110
62751
5817
81857
6191
10044
83104
51747
34338
34070
47251
1844
42872
31447
38876
76678
79301
39382
34371
43443
45821
49318
31598
43492
41601
74043
82540
26230
55740
26207
21600
22310
60303
89435
44791
52857
67895
31325
69035
26666
86229
7909
89349
50553
89454
30398
39337
19414
80023
2299
75939
48104
84945
86137
12918
26052
51006
53250
38335
34850
55541
32892
80071
40168
39407
26092
66827
44367
68197
39926
64882
36675
80790
44638
85344
41137
88995
42752
34007
28959
28884
33667
37543
71313
43639
78304
45869
84078
49016
35047
85282
19830
63500
42874
88595
22679
70579
30030
32721
87155
21433
62966
44045
76265
66997
81951
46681
27838
43246
6329
58374
584
71351
23720
77016
73840
79099
48132
47277
63321
47417
47046
50629
86567
44939
51303
36199
82938
85334
62449
20610
18343
17562
25730
29938
51632
36507
16622
36576
3500
38671
17652
39728
42264
40605
44564
41817
86113
45137
11279
51499
11573
53225
45752
60817
33436
68865
46867
69102
19953
72230
42947
72866
41895
80648
52297
81864
8605
46358
40661
26195
62913
21499
47057
22320
4970
30088
44064
60448
83408
84134
21883
46110
19185
88603
79638
65467
13805
62695
40140
50333
34430
66514
10522
51670
42500
76060
43319
45758
25306
64050
36450
49264
37210
70870
39892
31845
53332
61892
82066
49065
27277
72338
40102
58993
5472
55191
35836
31469
34563
38305
48597
47109
31795
54410
21988
60857
5883
66488
26139
85501
14346
39162
85303
45155
32942
74695
54366
30465
59590
58821
39563
30720
78540
30833
22790
45691
32444
61195
72196
36727
14014
38139
29230
70956
64741
84504
65495
64626
24865
34195
54355
45837
20360
50927
17879
59847
1814
79902
1179
79997
22436
36254
21254
15300
36331
62778
67335
50081
49137
20364
13121
74371
45111
63039
23139
38618
2120
32859
32552
72591
21477
45661
66022
79595
3953
79718
50317
73630
22848
39890
27631
40255
13942
44246
49268
44327
84568
44850
25748
46525
24608
50438
44101
56337
31754
64277
33330
67582
38834
76047
2083
77061
19010
79227
21811
80850
32829
82338
41829
83073
3477
86516
40653
78643
34049
78809
31614
50616
26984
76389
20649
81198
32294
39146
24475
33283
19154
44959
23494
49698
29437
60922
30271
80145
11745
80485
71650
81277
54866
23420
12726
46171
3434
56284
61452
75954
10590
48817
21357
74951
30584
86441
32205
72651
33391
24528
27157
33464
68693
35005
41818
40547
51391
48930
25511
64274
63584
69201
22461
72482
53560
80582
48190
82555
62955
83283
30399
84700
26757
85857
34947
87404
40542
88893
40930
34212
45885
45273
59023
15261
61664
46317
62638
84674
66272
49616
70232
45246
70962
49889
85473
87969
85930
42701
89042
59798
70378
54849
88230
47036
39824
31276
65147
14439
23903
18700
35785
83216
46417
18935
48368
25661
41134
31857
59855
39353
26636
48712
79214
21267
37896
41636
77929
40800
7937
74410
14298
35534
29769
44868
61990
88743
29456
24129
39935
26033
43620
36293
69479
26552
65561
38136
24767
46115
21137
48736
12427
49693
36566
50080
45782
60875
62202
78045
19067
35283
28475
42573
373
63251
30212
41095
43478
74722
36956
20363
42981
64581
44309
60675
49729
80403
65653
24830
68573
27056
70212
27662
82629
57942
83334
86183
10686
47011
46879
56261
81894
68881
37268
32433
29323
39666
29610
53712
16236
65708
30363
78005
37503
67478
23220
42896
14864
13518
26837
28195
3111
29452
58040
34716
23095
38765
26040
40046
5686
43117
42438
45596
46597
50388
66875
65649
11933
66285
31085
66586
85820
69158
72443
40818
856
47616
21228
60535
5046
54800
54399
27811
1270
33474
61668
49023
14798
50818
10130
37704
43231
46539
47900
46329
73313
81718
23640
57441
33485
79232
88091
76679
32685
79777
22443
85690
49820
71778
41872
56308
74425
89407
26592
22216
28974
64901
76756
74753
28392
84603
39702
72597
56749
37182
39976
74028
83755
77293
59779
43400
7334
71713
19287
38318
13585
81610
503
59056
57765
29509
32656
33756
17271
35026
21345
64558
4950
79683
61949
28622
16718
50109
3702
62832
23751
69089
3285
37966
10654
42250
62266
65859
62884
44778
85162
21164
45185
36396
86485
86644
25981
26038
59776
37793
13007
39566
41572
42999
52419
46047
57195
47281
80676
48112
32971
53633
17421
59970
46381
63667
38146
64916
7504
66701
39871
70081
71991
71800
52754
76791
86453
84978
84029
85518
41203
87110
36089
88359
24720
60728
3450
19819
3237
28208
15595
33001
40910
36502
46289
43373
53945
48181
36729
56630
35904
64800
45399
75816
45569
76953
46804
81134
40305
86633
80390
86811
29299
67842
80686
39709
2278
43332
19542
41535
23447
56768
13235
80765
16761
88039
33244
29036
80172
22937
5885
34355
38007
55328
49558
82337
37830
35501
31198
58760
39801
25168
40671
40766
45706
88689
48167
74792
52501
82958
59451
84588
61039
78024
72749
36134
33239
62370
59240
59755
58844
28550
9419
84431
8318
50347
29104
80142
42163
38137
60208
42491
69519
40092
73986
54302
75281
29018
80058
33805
30898
54720
4380
60603
47891
16099
34647
52714
37066
39960
9519
31026
72466
41892
5270
62208
19934
45129
68531
50820
31799
67980
23995
32969
23480
52577
29971
86146
1014
67445
59176
39050
66452
44560
54059
55063
39950
57385
79821
57939
49842
61614
11020
67023
42253
79729
39149
80201
30927
85609
14816
35920
77743
70512
6395
74194
41467
20014
6174
60279
87243
68054
30052
25898
52565
43961
29017
45904
14058
52944
39795
55258
37855
61469
74421
70582
32704
74265
33808
78932
35068
83751
47827
20468
37525
67294
2532
22409
58108
88632
33718
52191
22383
27263
55073
39387
2252
54587
38977
76132
38608
31334
58977
66663
60693
47673
9653
63119
1627
85241
20437
54958
23533
51386
2751
15214
19861
30063
25210
39855
59546
71331
49225
38624
30315
35130
2068
72001
19427
81897
67530
38074
27461
46510
40365
74169
89372
41265
58849
43590
49600
19071
44781
33467
2846
34093
2522
49802
48099
49992
64364
64126
42173
66430
63082
69285
12929
74246
1103
75655
51523
79148
6650
53352
47791
33925
23014
25701
30856
22076
40617
67190
9425
44655
31941
59678
37542
68002
11904
17948
26710
49288
28658
40973
33076
59570
47875
74196
84541
86972
40084
67816
42750
76598
18104
27682
3424
51565
77896
76261
8161
66038
31075
72830
54298
10234
49861
56790
6864
24415
35907
83697
47034
28288
34012
74409
4933
63699
60398
26595
78550
31052
25422
35057
40554
38449
87258
40196
813
48621
19365
52999
50171
55505
59019
60917
44259
73469
11322
78389
89191
85348
3538
88802
36053
38620
18128
52208
59761
21061
65647
69366
78228
28788
7126
14293
26832
42383
49341
84201
17788
22884
73884
24452
80836
36488
43826
62205
45207
72194
19870
37106
75620
54539
26182
42151
22429
45621
79397
47330
31269
57410
39097
57750
13328
62933
38722
67479
43758
68515
69442
75018
9156
82328
25283
86605
20068
77268
33205
49058
26560
44998
14823
15426
85078
32216
40798
23020
85734
25309
65622
28153
28938
30238
2947
30492
12962
32083
12720
32404
56909
35816
74270
35876
36269
36553
47676
37131
43542
37932
37945
40892
55248
40946
2427
41755
79054
41779
87468
42229
6839
43914
64310
44839
28828
45074
19767
45773
85871
46045
79345
49273
44775
53210
36340
55369
15439
55731
62989
56182
74099
57640
6405
59279
59150
59353
79613
65435
8711
66486
23211
66656
18416
67664
85616
71866
21649
72214
40577
78807
45453
79196
11194
82142
57497
83512
18804
84123
50016
84686
16482
84977
37154
85925
33153
87695
30375
88119
6621
88414
34036
37898
62170
46614
49348
66823
1173
64187
8536
64828
83380
62735
29532
42891
33991
47423
42000
25915
73176
73989
21595
36171
21919
47874
62777
62305
11884
75510
16329
42929
45447
41896
47734
41521
38721
59207
33489
65781
30566
32376
44624
40105
62943
48118
42694
30213
15458
52992
11013
22890
2922
23952
43760
53492
11098
85493
20004
21412
16516
64869
30404
42006
63352
52411
37269
69487
61829
48271
83899
20106
9732
35758
36792
40721
67104
42041
39102
47801
22872
50490
29940
61560
23359
67554
20605
70572
80351
73070
38972
76360
21733
77355
65854
82258
4666
88856
82119
51971
34950
53050
16504
76960
24976
47468
12930
72447
26103
44728
23985
46046
31034
75279
39679
34283
2187
17204
27963
25980
32837
44048
41565
55091
38202
45222
906
46985
37461
47320
17692
48185
13995
55089
12694
56464
37554
57252
30958
60257
25919
62855
36516
66641
37905
73336
44405
74197
70528
78239
56327
79568
363
83877
13860
61872
44858
38011
63909
25602
76515
31370
63199
23337
64131
46866
65568
84619
18550
33929
35694
56406
46802
28533
65109
23626
76566
26531
86819
30870
33193
32448
70207
39244
30489
39645
42857
39769
10301
42121
57318
42221
760
43374
45590
49867
12393
50482
26018
51047
53892
52670
83426
53598
13164
59986
19457
68891
19576
69994
69000
74241
44202
74592
36722
82156
39898
82522
20090
87266
14334
79118
45290
86080
84156
56620
47957
15295
19927
76637
60377
58058
10363
86075
4323
18014
12121
27173
84495
31957
8586
33655
52683
38761
18181
41594
21535
43433
12926
51455
30295
53481
32202
70431
82883
76993
19451
88702
17025
53928
57171
74414
51657
51136
49373
52284
33105
79049
27791
71388
39139
35613
23822
32587
5009
15294
74358
51789
44937
21725
40201
38423
61569
50116
38218
56159
42287
56265
45846
58489
50729
64826
26630
69816
47106
70958
25031
77593
66287
82589
31222
85810
11095
42071
36541
43807
25812
49864
7451
68336
78818
60378
74327
40693
52809
23231
81533
44112
23491
46934
27715
24618
5749
25744
43213
23167
53954
68976
36583
31112
33762
42650
35424
43553
38796
73116
69490
81707
69892
86728
55153
15152
42967
12297
2290
33640
83278
20006
40047
67770
46193
31413
56866
32547
12533
46014
37409
63066
74010
42590
86588
61508
63639
62811
17941
69995
8749
23560
22185
13234
41741
28777
44545
73431
33450
46728
54411
25956
15317
86943
40696
23266
87104
49812
83217
40184
27822
22161
12874
31453
40958
34050
76806
48761
10761
64475
17873
84840
45259
70486
18763
36000
7814
50938
53373
38296
8299
33020
47030
13374
29282
27089
49754
41716
12340
28082
24373
29176
30491
31667
7765
32059
34250
32980
34539
33406
27957
40831
31019
41816
12020
56344
63569
76497
7579
77445
422
78493
75355
80160
1285
40935
24932
47899
85800
65309
81416
76333
2006
41924
88038
53811
37670
88520
85911
25028
21027
42695
50989
58842
66447
73807
39103
40017
43693
16091
22440
48566
64266
39035
14744
18171
51149
18532
43950
21523
41879
23421
22757
25399
45818
25697
27890
26318
20934
26654
35221
27908
13450
29426
40359
29498
25622
29994
28182
31204
4890
31635
28003
33398
25477
33955
80314
34203
82775
34983
22340
35175
50491
38319
88724
38793
10125
39177
27020
39943
11459
40417
1456
42565
32418
42659
21396
43397
48174
44177
41579
45309
44692
45776
65294
46220
23004
47388
24287
48043
41514
48385
42693
48628
38872
49470
38458
49998
82944
50068
28868
50692
25564
50802
34815
52956
76012
53255
38844
54029
27572
54063
23512
54842
47873
55257
40896
55485
88857
55658
17342
57187
13302
57612
16023
57620
25823
57711
46940
57775
83306
59216
52333
59714
29663
60038
69476
61223
49566
61354
28761
61993
89328
62042
39591
62677
62694
62880
41015
63167
47991
64876
60427
65121
66139
67765
64196
67928
20580
68045
38439
72158
56851
73145
19994
74702
47880
75093
9937
76123
41257
76266
36322
76390
38704
77965
34442
78739
34243
80161
76926
80743
46787
80920
44167
81278
22374
81291
84125
82804
29054
83622
21043
87196
33342
87286
30985
88110
70614
89236
16304
18927
34651
63612
49032
59410
22829
38466
33008
81012
55999
53387
33628
51653
37580
68185
6821
83792
25444
36550
5245
37655
89466
40288
29122
61699
24450
33884
37605
81523
81279
16250
41403
77556
30407
32474
26643
35112
37368
38848
44440
46380
28362
56102
10860
61679
63564
89091
37519
34731
36037
35526
84974
52125
32884
71931
54774
49064
47448
62498
69866
18503
44601
54200
45239
58318
87857
76630
70675
79833
37780
40361
73114
41267
76173
47928
44219
59157
20963
66537
65634
66559
39541
69356
66178
69625
344
70684
44577
75579
48622
79341
40540
82443
22844
82695
82616
83471
39909
84996
25241
13242
21026
61986
29088
9672
44391
44763
24646
31751
23962
39284
63244
39749
35688
45097
7575
50521
2289
53360
37761
61265
55639
64881
10172
13470
40550
49087
35599
89350
45809
21692
43978
81040
30530
40538
70009
43559
39619
67667
30500
78030
11429
18913
50718
31416
76405
85811
35745
23468
31597
33936
49872
44022
34318
33213
32523
33575
65372
45495
36004
46219
43775
49939
29549
54497
39627
57386
31355
58204
86946
67716
18910
69417
47167
76156
47513
82520
14593
68930
12752
9985
13539
27731
35591
65064
84087
78232
40484
23037
19189
45064
14766
46778
37187
88871
58563
47473
84025
60835
45424
44567
22221
45975
71733
47396
31130
47948
82266
76436
76548
26337
18466
50998
24324
54479
47262
57289
41442
75296
48224
75661
27404
87183
25463
84316
33769
73400
48273
43067
26065
63846
24036
89338
21189
26368
76298
75184
68315
83602
24772
28813
13391
47340
74955
49305
12684
45750
26238
23030
2919
23525
2709
25830
49232
29384
72350
32871
50560
32900
77007
33409
12621
33413
33368
33469
9927
34001
47186
34747
80937
38517
47807
41424
66466
41847
45408
43100
11890
49448
16017
53351
23826
54529
39081
54586
37735
56739
67501
56867
32607
63111
46397
63185
31150
63324
29061
64518
67789
72474
81741
73521
13340
73867
39485
79692
32093
81334
83686
82097
15519
83270
41061
83874
43384
86278
86121
40922
49191
58493
28522
81575
31571
29841
35563
54657
36709
67912
23017
69963
29644
40915
18947
31068
84670
32885
49888
38875
16331
42185
24596
48531
28493
71594
66478
76422
59753
82949
18934
49236
55320
18709
40613
57185
49480
44292
34535
19196
58468
36915
44591
50047
23918
22738
19089
45192
20638
87049
61573
10050
21348
43876
43183
68835
68967
84956
71855
42233
55152
23055
55316
43062
48956
54033
40071
54538
40541
63454
2075
87872
34622
56133
31359
11379
5221
57450
24386
69431
53238
37399
86286
87225
897
51945
15258
34030
18627
40692
30747
34424
17638
36191
23472
53703
37006
59030
36680
62252
34968
63221
23909
63865
40509
67762
34638
71814
9992
76792
33299
78240
26840
42899
14606
43848
86983
46661
17136
78762
63413
44820
26546
12844
34795
43646
31420
68392
70674
26828
61816
28050
34954
35377
68506
49073
45052
51441
47630
54671
48426
65403
77630
77858
622
80881
37043
24888
3182
25072
32628
45831
24028
66024
51452
61061
5725
31008
49203
20691
73943
24621
49184
28340
22730
28516
42744
39430
2256
42898
85573
43101
67504
48672
6217
56940
3671
58871
17476
59021
30998
65371
47872
69525
25990
72844
38158
79075
24833
79080
69789
80934
47723
40266
39526
84001
19581
65491
60148
35192
25070
22068
59039
83945
59978
61521
34525
70759
48692
39992
31816
49124
58189
22275
14459
37205
32118
43309
47230
58921
36671
71190
44814
59533
24615
41800
48184
19386
45765
40952
32463
67132
42024
49657
27510
16506
24730
30593
26679
39509
31093
40489
83101
43019
65619
44004
29358
47433
34543
48051
72935
49877
13078
53080
21625
58726
31467
62893
55834
63357
72373
64361
79790
69605
5780
70292
32365
76285
44509
78418
63558
78856
33221
83820
38650
87698
28729
88037
53947
58034
28832
17011
64481
33113
47905
42830
28339
46206
76569
47521
48187
48372
87598
48790
37056
61982
21802
34351
41181
61595
32358
71963
29868
86882
3380
25086
14274
25206
86603
30274
74341
33173
36619
34618
16064
37904
85244
38339
33585
38460
32164
40736
10359
41233
14075
42605
63583
43402
75252
43633
60391
45615
10322
45636
37653
48202
9513
48699
33767
48862
74838
51073
15658
51540
23673
55319
36363
56032
85691
56752
65908
58208
31694
59114
41296
59782
28212
61350
44990
64749
30483
64777
18277
65444
78817
65549
5987
68797
49776
70034
27571
71159
1956
71177
33480
77662
61081
77845
33088
77910
67781
77960
74256
80618
88483
81745
11720
83944
18628
84074
68027
84540
7499
85287
20929
86547
3969
87971
26105
61842
28602
30366
35709
51936
53037
55495
17663
18093
82681
27008
5334
39007
45033
81962
83853
81772
17079
39242
84581
54510
28462
81697
18330
87893
2563
32561
48670
14427
55666
69117
20293
28708
7262
34134
11384
34581
36659
49151
39957
61155
38990
62052
14906
67494
38658
67813
80592
72057
30791
75887
30916
75962
27125
79407
72142
28006
84706
28633
21992
31092
2467
32010
46293
32854
32497
50930
22040
51948
44698
59902
55540
62158
61719
62483
71329
66232
82970
68767
22825
72086
33179
72143
52925
72911
4347
81088
14412
83345
7670
86488
77029
84756
4709
56405
39288
40460
21825
42356
3038
42973
1893
43856
72131
86928
13560
37805
7662
40913
25160
45122
24567
20120
44385
25246
35277
26070
40341
30940
60143
31723
48774
34732
44316
35300
16801
35900
21365
36440
86199
39042
35286
39344
24873
39572
77875
39713
40725
42556
23318
43237
75786
43398
57979
43534
4222
45203
26575
45232
31202
45322
55824
45473
16127
46156
74943
47021
24600
48521
12802
48549
22604
51547
32818
55218
24356
55702
9158
56692
21319
59101
23432
63565
11994
64640
78369
66137
41038
68222
24933
75261
40150
76579
11157
80026
45331
80715
32779
84447
40755
87532
11366
89329
85484
83315
48518
30255
33694
38883
12078
74540
29100
77263
17423
47603
26925
48363
15184
31556
26282
34636
88253
66908
87707
78751
32157
80007
16470
32553
21038
17329
35294
35219
85397
52975
43886
28388
47727
56256
11395
29760
29592
49327
59474
23284
27443
35163
61713
36780
30517
56041
66936
75756
37246
78052
34204
76985
69954
35265
13719
35293
26964
41717
29752
44536
3889
45686
76839
45958
46056
46367
40068
46889
42662
47362
69029
52973
35396
53619
41553
54894
48833
56338
43081
58483
62464
62673
4620
63257
62996
65040
72024
67801
15730
70718
42425
72759
60446
74883
34033
77121
9168
78425
25100
80158
61750
81974
57776
83106
25369
83411
1707
84617
36828
86480
6277
88239
13596
88866
85171
76270
61306
48177
18671
62410
27964
33045
34666
48457
19593
61764
49302
65008
12023
32729
37155
45190
21898
45872
43779
46210
50543
54367
69822
54647
21379
61955
74009
64203
17233
68433
79937
69518
41423
72017
24685
73279
41327
75984
32036
76120
46249
78264
36369
80684
47258
83219
2094
84962
34027
86282
41687
87927
47634
30930
9079
32633
22952
68862
14519
76084
49635
26100
26213
34196
79765
44222
18158
62488
34470
73040
84433
74357
49148
78570
44595
66648
9596
83441
31823
82333
40897
59126
51612
88109
25507
44092
82056
61795
1289
88233
47500
80388
9004
50221
21334
58282
43695
59770
35813
69630
20515
82567
59643
87699
27161
20221
4755
66778
37473
17189
27615
76755
20844
72363
32149
41411
3939
54307
86355
68842
37260
49628
23430
11613
17985
18795
23539
18946
32223
22077
30965
23269
88762
23810
44263
23913
69252
24617
23695
24694
73418
24735
23594
24741
76094
24763
40385
24914
40898
24961
56397
25657
42227
26130
32399
26909
17408
27017
70731
27634
18556
27784
81776
28065
38032
28127
19161
28142
56632
28306
3628
28312
32626
28786
85511
30170
42798
30289
42005
30775
88673
30925
28554
30954
27985
31493
41982
32019
15379
32382
71222
32794
26252
32974
48375
33108
50641
33815
85998
33943
40179
34209
43300
34487
74991
34505
48100
35314
61658
35581
33118
36128
50475
36187
38440
36391
47549
36731
54386
37058
30780
37294
37758
38422
24049
38727
32920
38730
31007
39143
53539
39639
62869
39852
36419
40434
58354
40665
26059
40786
44583
41162
9720
41941
69306
42088
9860
42241
30195
42477
18826
42668
8224
42790
69423
43087
53392
43236
29806
43263
2694
43566
35786
43649
61619
43803
85515
44086
34664
44670
45210
45087
20366
45413
23135
45438
35946
46144
16759
46153
12250
46202
9801
46252
53272
46591
79553
46722
80136
47301
49125
47565
12715
47736
42200
47842
24941
48115
85294
48229
1359
48480
29584
48719
25603
49102
40307
49166
37385
49357
22625
49601
19644
49674
9617
50020
28134
50166
30301
50227
51912
50284
31783
50326
36587
50413
34900
50512
38902
50763
19345
51041
5207
51239
10344
51524
21035
52082
60883
52360
34671
54126
16227
54176
33624
54206
5845
54798
54673
54857
67769
54862
34072
54867
6999
54898
2612
55341
69090
55381
55821
55383
42463
55421
76989
55445
19660
55698
36120
56121
88477
56318
45251
56686
75150
56983
26549
57116
29475
57349
48573
57988
8556
58052
57299
58066
29602
58206
3692
58224
46425
58474
42712
58707
74946
58741
14241
58801
17034
59161
64168
59174
58209
59222
43940
59660
31618
59699
63945
59949
9379
60125
14003
60137
11893
60142
38356
60165
28623
60354
16334
60613
19385
60973
8076
61086
84110
61300
82912
61612
2362
61720
60158
61865
18499
62066
28068
62261
971
62396
51284
62398
44894
62536
31626
62618
6862
63051
47215
63060
46179
63399
13048
63694
32936
63804
53996
64089
31998
65005
8574
65126
25831
65601
21231
66152
31288
66474
65934
66639
35425
66846
35107
66884
22136
66886
21842
67041
11177
67122
11823
67514
88420
68204
37333
68362
33160
68901
26438
69123
29270
69424
40018
69649
4388
69734
46248
69751
20131
69798
37641
70281
3284
70644
47380
71373
69034
72202
35527
72260
45875
72691
2147
73256
22427
73334
86047
73787
41415
74151
39207
74255
35473
74743
14751
74895
46048
75218
8629
75327
80539
75677
38209
75832
25734
75850
38681
75901
49863
75911
3456
76030
45128
76110
76048
76590
31883
76799
41412
77195
35440
77322
37705
77411
734
77426
38913
77529
3682
77768
9721
77886
11940
78095
2740
78480
46256
78718
19954
78834
328
78841
20846
79073
50355
79154
7943
79293
27735
79874
29057
80236
56549
80409
68308
80730
31811
80909
24927
80945
48952
81300
43021
81353
45189
81445
30658
81618
43284
81829
69293
82096
28781
82405
6782
82427
30266
82559
33923
82760
2235
82828
20169
82870
38718
83227
20905
84240
23992
84392
76079
84534
40965
84794
21179
84829
69682
85402
46738
85938
3564
86380
39295
86386
38755
87042
35686
87332
35071
87344
12396
87639
29427
87725
32782
87799
69312
87879
23717
87945
48770
87991
81645
88383
63712
88579
20155
89160
21443
89190
25951
89259